25
226
146
58
175
94
233
231
108
59
104
194
150
74
10
189
49
68
195
212
102
242
99
78
257
37
225
29
27
250
15
96
46
114
142
51
228
16
81
214
125
90
151
24
54
38
165
6
8
238
161
112
20
117
262
181
205
159
213
254
45
207
173
65
130
172
186
80
79
93
69
9
154
60
239
48
265
13
247
120
187
105
230
141
217
240
143
182
183
204
246
126
234
129
193
56
123
47
203
162
243
88
83
190
178
138
264
53
201
156
236
3
30
44
224
180
111
167
31
133
241
252
50
85
1
91
196
202
110
144
101
22
197
184
28
223
244
171
36
253
76
232
255
63
17
134
95
70
19
256
169
148
33
127
248
131
124
237
61
52
97
208
192
75
215
86
221
113
4
220
216
71
218
40
26
67
174
206
107
219
122
64
153
152
136
160
185
137
43
92
87
135
72
77
251
170
210
155
227
119
39
23
57
118
211
14
259
198
258
84
116
32
176
42
62
168
2
82
163
235
98
245
109
41
7
12
260
106
157
149
145
121
179
188
229
164
261
140
200
115
5
132
191
100
263
166
128
66
222
139
249
158
73
18
209
89
55
35
11
21
147
199
177
34