163
43
65
108
175
201
79
211
146
203
59
166
215
262
265
31
250
2
118
17
15
168
264
248
113
194
256
12
64
161
228
18
209
62
247
197
84
90
80
24
16
69
82
1
254
120
9
106
101
54
115
234
151
56
39
220
241
252
116
217
55
14
154
164
36
44
230
142
50
157
245
152
68
75
45
213
96
143
144
33
6
147
184
162
224
198
246
66
3
176
204
231
235
23
261
236
229
167
156
170
89
37
126
99
85
97
132
123
26
187
107
13
180
98
48
148
137
121
131
237
140
136
169
145
35
179
21
112
133
185
214
225
174
47
91
240
128
206
172
155
202
58
29
259
219
4
53
257
86
158
160
135
38
216
223
218
189
207
32
63
88
177
159
22
183
141
49
70
239
11
46
124
19
178
109
222
71
253
139
165
40
232
227
208
171
233
114
138
95
92
78
190
221
226
83
93
195
258
42
77
10
244
117
30
150
153
34
238
196
27
192
41
76
127
28
102
212
104
125
210
119
260
72
20
191
242
263
67
122
173
74
182
81
94
251
188
205
25
243
149
105
52
61
249
255
199
100
130
193
87
129
134
60
111
181
7
51
8
57
73
186
200
5